0011010111010010010100000
1110100011010011001010011
0000000010010111110001100
0100010010111111111100111
1100000110001100100000011
0110101000110101010011001
1000010001000010101110111
1000110100100111011000110
1001010000011001001111111
1100111111111111100111111
1101101000101011001000100
0010001100010110100101011
1101101011111001011011000
0111000101101111000011111
0110110111111001011101101
0000011101101110101111110
0100110100110010011000011
0011101001101110101100011
1101010110011000000000001
0001101110100101000101001
0110111101010101111101011
1100010000001010100010100
0111111101011111000101011
0110110101100001110100100
1111011100110100011001110
1011101000110101010000011
1111111111010101101100011
0110010111001111110110111
0000110110100110010001011
0001000000111101110010111
1000110110101010101001001
0110001010001101101111001
1100111010110111010010100
0111010101111000011000010
0101011111011011000011001
0110110110110111010000011
1011001110001010110101110
1011101100001011001100011
1101000101101110100011000
0100110011111000000010100
1011110000110010011001110
1010000111000101000111110
0010101100100001000011110
1010010110101000110110110
1011000000010010011011101
1100011111011110100000011
0110001100110011010000010
1100111000111101000000111
1010111101110000010101001
0110000100000111101010110
1110010011010001001111001
1111011011101100111111000
1111001011011110000000011
1010110110000001111010100
1111111100100011100100110
1011010011000011110101101
1111011010011111010010101
0000001111111001001011101
0010100111010001101110000
1111101001111010111010111
1011011100100001011101100
0111101100101010110001000
1001001000010110010011011
1011001011011010101011111
