0011100001101110000100011
0110110101110001100000110
1000011011101111010010011
0111101001000110011101001
1011011000100100110110011
0000010001100100100101011
0010111001110111100101111
0101100100110111001011010
0000000101000010100001100
0100011010011111000011110
1111111000010101101010110
1011001001111010101111010
1101101110010101000111001
1100101100101000101011010
1111001010000000101101001
1111000010100111000011110
1010010001101101010111101
1100110101101111010010001
1010111111110111001100000
0011101101110111101110110
1001010000010001000010010
0110010110100110010011001
0000001100111000010001001
0010110110001110100011111
1110010001011001111110100
1100111000001110111100010
0101010010101001000101011
1101100001011110100001010
1110011011001111101101000
0000111111101010011010010
0110100100011100100101010
0110001110110110101111000
1111110011000100011110111
1011001101011100101011000
1101100010011010001010000
1110000010010100001101101
1101011011111101000101101
1000111101101000101101101
0000111011100010111101111
1111101001000101010000010
1110110110100111100110001
1001000000001011100011001
1001110000001001110011001
0110101100011110000011110
0000100000001010010111111
1010010101000101111010110
1100111101001001101010000
0111010011011011010110001
0100111011000000101111001
0111100110100101000101111
0100110110010000011101010
1001010001010110111010101
1001010010011001011111110
1001111111110110111110100
0101001101100001101010010
0011010110110001100000011
1010110000111000110101101
0001101110010001100000100
1010110100000011011101111
1100010001110001011000110
0001111000100100111011011
0010110100100101010010111
0111100111011000100011011
1110111010101000011010001
