0101101111110000011100011
1101100001101100101011110
0011010111101011011001001
1000111011111000000000111
1100101101111010010101001
0001101001111000011100100
0110011010101010001101010
1111001001100000101010111
1001011101011111110000101
0010101001001010011111011
1001101000011000001110100
1001101000001001001000100
1001101010111110100101100
1010111001101010101001001
1010101011110111001110011
0001010100101010001110010
0101001000110001111110001
0101101100010001101111011
0010101011110101100101010
1110011000000100100101110
1100111010001001001011000
0110111001111010101111001
1001011010111100001010010
0000101111011111110101111
1001111110001011110001110
1100101010010101001011000
1100011111110010010101001
0101010011101110010101111
1100110010001101001010001
1110000110001000100011101
0011101001010100000011101
1011001101111100010110100
1110011010001110010101010
1111100110101110100010000
1000011000101100000110000
1100001111101111000110010
1010100100100101010011010
0111101001110001010110000
0001110011010001000010000
1111100101100100010101110
0101000011010011110110010
0011000100111010000111001
0010010001010000001111001
1100000010100011010010011
1101101010010001100110000
0001101100000101110100100
0100000000101101100000100
1010011000000000111110110
0100101101011100001011011
0110011001101100010000010
0000010000011000011110100
1111010001101111110100101
0000001000000001000001010
0000011110010111011000101
1000111001100111100100000
1111100000010001011011101
0011001011110011100011000
0100001101001010101001011
1000100101100000011001111
1001110110000011111110100
1111101010110110000011001
0111111011001111100101010
1011100000011010100101100
0010101111001010101010101
