1101001111111010111010010
0000011001011000010001100
1111000011100010011000101
1001001100001101000000111
0100001101001011000001101
1101001000111000011000011
1011111100011110010011110
0000001100011111110000111
0111100100101110111110010
1011011101011010101001111
1001011001011010110110101
1000111010010000101110011
1010100101000011000011100
1010000000000101011100100
0000010101101001011110111
1011111010000011000011001
0011000010101111111000111
1011101110110000000000001
1011010000001111111000110
1000100010100101101001011
0010110110001001010000010
1001100110110011101001010
0011011010000010010111101
0101111101010000101000011
0010100010001010110000100
0111100111111010010000110
1001001000111001111010011
1001101100010100100111110
0000110010111000100110001
1100001101001010100001000
1110011011101111111010011
1000010110110010111110100
0000100110101011101110101
0101111011100101101101110
0101001110101101000001111
1000010111010101001011001
1110101000101010111000000
1101111001100011001110010
1110111000000100011011011
1010010100100001010000011
1010110101110110111011001
0110010001001001101010010
1010101000000001010000110
0110001000010001010111000
1010111010101111001100011
0111110110100111001011110
0110110000100100101011101
1110110010100101110010010
1110011000000011000101101
0010011101010101100110011
0001101111110001100110001
1010000101101110111001110
1110000000000001111011111
0001010010111111111101010
0010011100001100111100001
1101000101010000010001000
1011001001001101001001101
1101110000111011111001000
1011111110100100101010111
1011000100100000000010111
1011110100001101011101100
1110110100001000011110000
0001010111101111001110000
1111000001110101010101110
